0000000100110010
0010010000100000
0000000000010010
0100001000110010
0001000100000100
0100001100010011
0010000100010001
0001001100110010
0010001100110000
0001001000100010
0001010000100011
0100010000100100
0010000000110100
0010010000110100
0000001100100000
0000000100110100
0000000000010001
0011001100100001
0010000101000011
0010010000000001
0011001101000000
0100000100100010
0100000100010001
0010000000010011
0100000001000001
0100000100110010
0011000001000001
0000000000000001
0100000100110001
0000010000000001
0000001001000001
0010000000000000
0001001100110011
0010001000010010
0100000000110011
0011010000100011
0010000000110011
0000000000000100
0001000100110010
0001010000000010
0010000101000010
0010000100110010
0001001000100011
0011000001000000
0000001100010000
0100000000000100
0011001100010100
0000000101000001
0100000100100000
0010000100100000
0001001101000011
0000001000010011
0100001000110001
0010010000010000
0000001000110011
0000001001000011
0001000000100001
0001001000100001
0100010000010000
0011000000110100
0010001100000010
0010001101000001
0001001100100011
0100001100100010
0010000100010100
0011001000110001
0100010000010001
0000010000100000
0100001101000000
0100000100010010
0011001000010100
0100010000000010
0000001000100011
0011010000100000
0000000100000010
0010001000000001
0100010000110000
0001010000110011
0001010000100100
0010001000000000
0000010000110000
0001010000010001
0001001101000000
0100001100010000
0011010000100100
0001000000110000
0100001000100010
0100000001000011
0100010000010011
0100010000000000
0010001000100100
0001000001000010
0001000001000011
0001001000000100
0100010000010010
0001000000110100
0001000001000001
0010001001000000
0011001000110100
0011000100010100
0001001000100100
0100001100100011
0001010001000011
0001001100000010
0100000000010000
0100010001000000
0000001101000010
0010000100010000
0100010000010100
0001001000000000
0000010000110100
0000010001000010
0000000000100010
0000000000110000
0100000101000100
0011000100010001
0011000000100011
0010010000010010
0100001101000010
0000001101000000
0010000000100010
0100010000110010
0100001101000100
0001000000110010
0001001000110100
0100010000000011
0011001100010010
0011001000000000
0011001000100100
0010010000000100
0100001100000011
0001000100110001
0100001000010010
0000001001000010
0001000100010010
0010001000100000
0001000100000010
0011010001000000
0011000000010001
0001000000010011
0000001101000011
0001000100110000
0100000000110100
0010000000010100
0100000000010001
0000000101000100
0100001000110100
0011000000000100
0001000000000010
0010000001000010
0011010000110011
0100000000100011
0010000000110001
0011001001000100
0011001101000001
0100010000100000
0100000000100000
0010001000010000
0000001100000000
0010001101000011
0100001001000011
0100001100110001
0100001100110100
0001001100000000
0011000001000010
0100000100100011
0100000101000010
0000010000000011
0001000001000100
0100010000000001
0100000100000010
0001000100110011
0100001000100001
0000000100110011
0010000100000000
0011001101000100
0010001001000100
0011010000000100
0000000000010100
0000001000000011
0011010000000010
0100000000110001
0010010001000100
0000001000100100
0001001100010001
0000000100010100
0010010000110000
0011001100010001
0000000000110001
0011000000000000
0100001000000010
0100001000000000
0010001100110011
0011000100010010
0011010001000100
0011010000010001
0011000101000010
0010001000100011
0010001100000000
0011001000100011
0011000000110010
0010000100110001
0010001000110001
0001000000110011
0011000100100000
0010010000000010
0011001000000001
0000000001000000
0000001000000000
0001001000000011
0000000000110011
0010010000000011
0000000100000011
0011001100000000
0011001000000100
0001000100000001
0000000100100011
0100001000100011
0010000000010000
0011000000010010
0010000100000011
0100000100010100
0000001001000000
0100000000110000
0001001001000000
0100000000010010
0011001100010011
0000000100000000
0010000000010010
0010000000100001
0011001100100000
0100010001000010
0011001100110001
0000001100100010
0000000100010000
0100001000010001
0011010000100010
0000000100100010
0010001000100001
0001001001000010
0001001100110001
0010001000010011
0010000000000010
0010000000000011
0100000000000001
0010001100000100
0010000100000010
0100010001000011
0001010000010011
0100010001000001
0001000000010010
0001000000010100
0011001100000011
0100001100110011
0001000000000001
0011000000010100
0010001100100100
0000010000110001
0011000000110011
0011000100010011
0001001000010011
0011000101000000
0001001100010000
0001001100100001
0000001100010001
0100001100110000
0000010000100100
0001010001000001
0011001000010000
0011001100010000
0000010000110010
0010010000010100
0000010000000010
0001001100000011
0001000000000000
0100001000000100
0001000101000010
0011000101000001
0001000100100100
0010010000100010
0100000000010100
0001001001000001
0000001000110010
0100001000000011
0001010000000001
0100000100000011
0100010000110100
0010001001000010
0100000100110011
0011001000000010
0010001100110100
0000010001000011
0001010001000000
0000010000100011
0001010000010000
0100001100100000
0001000000010001
0010010001000000
0001001000110010
0010001000110100
0001000100010011
0010000100010010
0010001000110000
0001000100110100
0010000001000100
0011000100100100
0011000000010000
0010001000000010
0000010000010000
0000001100110010
0100000001000100
0010001000000011
0011000100100001
0100000100110000
0000001000010001
0001000000110001
0001010001000100
0010000000010001
0010010000000000
0011000100110011
0000010000010010
0000010000000000
0010001100010001
0011000100100010
0001000100100001
0001000100010100
0010000101000000
0011000100000010
0011001000100000
0000001100000010
0000000000010011
0001001000110011
0001010000100010
0001000100100000
0011010000010011
0011001100100011
0010000000100100
0011000101000011
0100001100100001
0000000100110001
0011001100100010
0011010000000000
0000000000000011
0000000000100100
0000010000010001
0000000100100000
0100001100100100
0011000000010011
0011001101000011
0010001100110001
0010000001000000
0000000000100000
0000001000010010
0000001101000100
0011000000000001
0011000000100000
0000001000100001
0001010000010010
0000001000110100
0011000001000011
0000000101000011
0100000100100001
0011010000110000
0010001100010010
0011010000100001
0010000001000011
0000001100100001
0001000000000100
0000000001000100
0010000100000001
0100001101000001
0011010000000001
0001000000100100
0011000000100001
0010010000100011
0100000000100001
0001001100110100
0011001100110100
0000001100100100
0000001100110001
0000001100000001
0000000001000001
0011001001000011
0011001000010001
0100000000010011
0010000000110010
0001001000000001
0010010001000001
0001010000110001
0001001101000100
0100000101000011
0010001000110011
0010000100100010
0001010001000010
0010001101000010
0000001100010011
0011000101000100
0011001100100100
0011010000010010
0010001100000011
0011001100110010
0011001000000011
0100000000000010
0100000000100010
0011001100110000
0010000000000001
0001001100010010
0010000100110000
0011000001000100
0011000100000001
0001000100100011
0011001100000010
0100001001000001
0001001101000001
0100000000000011
0011000100110000
0010001000000100
0001010000000000
0011010000000011
0010010000110001
0011000100110010
0011000000110001
0010001100000001
0010001100100001
0001000100010000
0010001101000100
0001001100010100
0001010000110010
0001001001000011
0010000000110000
0001000101000001
0011001001000001
0001000101000011
0011010001000010
0011010001000001
0010010000110010
0000010001000000
0000001100010100
0000001100110011
0100000001000010
0011001100000100
0001001000110000
0000000000000010
0000000100010010
0000001100010010
0001010000100001
0010001100100000
0100001000010100
0100000100100100
0011000100100011
0000000100100100
0010010000010011
0000001000010000
0011000100000100
0000001100110100
0001010000110100
0100010000110011
0000001101000001
0011001001000000
0011001000110011
0011010000010000
0001000100000000
0100001100010100
0001001000010001
0010001000010001
0000001000100010
0100001100000100
0100001100010010
0011000100000011
0010000100110100
0001000000100000
0001000000100010
0001010000100000
0011010000010100
0010001000010100
0010001100010011
0000001000010100
0100001001000000
0011010000110010
0000000000110010
0011001000110000
0000001000110001
0011001001000010
0001001000100000
0011000000100100
0011000100010000
0001001000000010
0001000001000000
0100010000100001
0011000000000011
0010010001000010
0011001000010010
0100001000010011
0000010000010100
0010000100010011
0010010001000011
0001001100100100
0011000000100010
0000000000110100
0001001100000001
0010010000100001
0011001000100001
0100001000110000
0100000100000001
0000010000110011
0010000100100011
0010000101000001
0010000000100011
0000010000010011
0010000001000001
0000010000100001
0001001000010000
0000000001000010
0011001100000001
0100000101000000
0001010000000100
0001001100100000
0001001101000010
0000000000010000
0100001100110010
0100001100000010
0000000100010001
0010001101000000
0100010000100010
0000000000100011
0000001100110000
0011010000110001
0100000000000000
0001010000000011
0000010001000001
0011001101000010
0100010000100011
0000000100110000
0011001000100010
0010000100000100
0100000100000000
0000001000100000
0010010000010001
0000000001000011
0001010000110000
0000000100100001
0100001000010000
0001000100100010
0000010000100010
0010000000000100
0100001000100100
0011000000000010
0010001100110010
0000001000000100
0100001000100000
0011000100000000
0001001100000100
0010001001000001
0000001000110000
0000000100000100
0100001100000000
0100001100000001
0010001100010000
0001001000010100
0100000100110100
0001000000100011
0001000101000000
0100001001000100
0010000100110011
0010000101000100
0000000000100001
0010010000110011
0001000101000100
0000001100000100
0001001000110001
0100010000000100
0010001100010100
0100000000110010
0000001001000100
0001001100100010
0000000101000000
0100001000110011
0001001001000100
0100000000100100
0100010000110001
0011000100110100
0100001000000001
0100001100010001
0010001000110010
0000010001000100
0010001001000011
0100000100000100
0000000100010011
0001001100110000
0100000100010011
0010001100100010
0001000000000011
0010000100100100
0100000100010000
0011010001000011
0000001100100011
0000000101000010
0011001000010011
0000001000000001
0001000100000011
