0000000100010001
0001001100100000
0010001100110000
0001001100000001
0010000100010010
0010000100000001
0010001100010000
0010001000110010
0001001100110011
0001001100110000
0001001100110010
0010000100110011
0011001100100010
0000001100000010
0000000100100010
0010001100110001
0000000000100000
0000001100100011
0011000100110011
0001000100100000
0011000100010010
0010000000110011
0011001100000011
0010000100000000
0001001000100010
0011001000000011
0000001100110000
0001000000000000
0010000000010001
0000001000110011
0010001000100000
0011001100000010
0001001100110001
0011000000000000
0001001100010010
0000001000000011
0000001100110010
0010001000100011
0001001100100001
0001001000110011
0010001000000011
0000000100110000
0011000100000010
0001001000000011
0000001000010001
0001001000110001
0010001000110011
0010001100110010
0000000100000010
0011000000100000
0001000100010010
0010001000010001
0010000000010000
0001001000000000
0011000000000010
0010000000000011
0011000000000001
0000001000110010
0001000100010011
0000001100010001
0011001000110001
0011001000010011
0011000000000011
0010001000110000
0011000000100011
0010001100100000
0010000100100011
0011000100000011
0011001000100010
0001000100000010
0000001000110001
0011001000110000
0011000100100000
0001000000100001
0010001100010010
0001001100000010
0001001000100011
0011001100100000
0001001000100001
0001000000110011
0011001100110010
0001000100000011
0011000100100010
0000000000100011
0011001000100001
0011001100000000
0001001100100011
0001000100100011
0000000000100001
0011000000110011
0011000100010001
0000001100010010
0010000000110000
0010000000000010
0011001100100001
0011001000100011
0010001000010011
0001000000110000
0000001100010000
0010000000110010
0010000100000010
0000001000100000
0000000100100001
0001000000000010
0011000100000000
0000000000010001
0001000000010011
0011001100100011
0000001000110000
0001000000110010
0010000000010010
0000000000010011
0011001100110000
0001000000010010
0010000100100000
0000001100000000
0001000000100011
0000001100000001
0001000100110001
0000001000000001
0001001100100010
0001001000110000
0000000000100010
0001001000110010
0000000100100000
0000001000000000
0010000000100011
0000000100110010
0011000100010000
0011001100010000
0001000100000000
0010000000000001
0001001100000000
0011000100110010
0011001100010010
0001001000010011
0000000100000000
0000000000010010
0010001100110011
0000000000110000
0010001100100010
0010000100010000
0000001100110011
0010001100010001
0000001100110001
0000000000000001
0001000000010001
0011001000010000
0010001100010011
0010001100000011
0001001000010000
0001000100100001
0010000100110001
0000001100100001
0011000100000001
0001000000000001
0011000000010001
0011001000110011
0011000100110000
0011001000010001
0000000100010010
0001001100010001
0000000000110011
0011001100000001
0010000000100001
0000000100100011
0001000100100010
0001001000000010
0001000000110001
0011001100010011
0011001000000010
0010000100100010
0000000000000010
0000000100010011
0010000100010011
0000001000010010
0000000100110011
0000001100100000
0000000100110001
0011000000100010
0001000100010000
0001000100110011
0000000000110001
0011000000110001
0000001000100011
0010000100000011
0000001100010011
0011000100100001
0010000000110001
0010000100010001
0011001100110001
0011000000010011
0010000000000000
0010001000100001
0010001000010010
0010000000100010
0011001100010001
0001000100000001
0000000100010000
0011000000110010
0011001000000000
0001000000100010
0001000100110000
0011000000010010
0010000100110010
0011001000000001
0001000000000011
0000001000010011
0000001100100010
0011000000010000
0000000000110010
0010001100000001
0010001000110001
0001000000100000
0010001100100001
0010000100110000
0010001100000000
0001001000100000
0000001000100010
0010001000000010
0010001000000000
0011001000010010
0001001100000011
0000000000000011
0010001100000010
0000001000010000
0011000100010011
0001001000010001
0010000000010011
0010001000010000
0001001000000001
0011000000100001
0010001000000001
0001001100010000
0001000100110010
0011001000100000
0000001000100001
0011000100100011
0000000100000011
0000000000010000
