0001000101010111
0011011000110101
0100011101100000
0000000101010000
0000010000010110
0011011101100010
0111011001100110
0110010000010110
0001001101000011
0001001100000101
0011001001010100
0110000100000100
0001011000110101
0010000101010111
0101000000100001
0010000101100011
0011001000010100
0000000100000110
0110001101100100
0110000000110001
0111011001010010
0010011101110010
0000001100010001
0010000000110000
0100011101110111
0101001001000101
0100001001110111
0101010100000000
0010011100000011
0001001101010101
0110011001100000
0010011100110111
0001010000100000
0000010100100001
0011000001110101
0100010100010011
0011010100000011
0101001000000000
0001000100000010
0101001101100000
0110001000110101
0000010100100010
0000001000010111
0100000101010011
0010010001100001
0111001000000110
0011000101100110
0011011101110001
0110010100010100
0111001001100111
0110000001110000
0000000100100111
0111010101100111
0100000101110101
0001011000010001
0111000001000111
0001010101110101
0001010100110011
0010011000100000
0011010101100110
0010010001110011
0100001100110111
0110000101010000
0110000101000110
0001000100110001
0101010001100101
0011000001010110
0000001100000010
0001011001100100
0101011001010101
0000001001000100
0101000100110000
0101001101010001
0000001100100011
0100000100100011
0101001001010101
0111010100100101
0111000100010100
0011001101100001
0110001101000110
0111010001110001
0100000001100010
0111001001010111
0011001000000100
0101011101010010
0110000000010010
0101000101000000
0011011100100111
0111010100110101
0110001100000100
0001011101000010
0110000100010100
0011010001000110
0011001100000101
0001011001000101
0111001000000100
0101010101010010
0101001000100110
0101000101000111
0010001001000100
0000001000110100
0001000100000100
0011011100010101
0011000001110001
0001011000010010
0011001101010001
0111000101000001
0000010101000000
0001000001010011
0111001000010010
0100010101110100
0100011001010000
0011000101010001
0010001001010001
0111001000000000
0000001101010010
0100000100000001
0011011101110100
0000001101010011
0001011000000000
0011000001000101
0100011000010101
0101011100100110
0110011101000111
0010001100100110
0011010101100000
0010011100000000
0000010101110100
0101000000100110
0000010100100101
0010011101010100
0010011000100111
0110001101000111
0001011100110110
0010000100110011
0110011100110111
0101011001000001
0010010101100100
0010000001110100
0010010100110101
0110010101000011
0111001101100011
0111010001000110
0111011100000010
0011011101000101
0001001100110101
0111001001010001
0011010100110111
0100001001110101
0011010001110111
0010001100100010
0111010100100001
0101010100010111
0111001000010111
0010000100110000
0110010101010010
0111010100010000
0010001101000011
0101000001010111
0111001100100111
0010001100000101
0110000101110110
0101010000000010
0101001001100001
0011011001000111
0110001101000010
0110000000010111
0111010001010101
0101011001010001
0001000000100011
0000001000110110
0000001100110101
0111010001100110
0111000100010010
0111000000000111
0100001100100001
0011010001000100
0100011101100001
0010001001010100
0011000101010010
0011000000000010
0110011001000110
0011000100100001
0000010100010100
0110001100000000
0000011001000001
0110011100000001
0111011100100101
0001010101010000
0010000000010101
0001010101010010
0100001101110000
0101010101010110
0011011100110011
0010000101000011
0100001000010111
0101011000000100
0111010001010001
0001001001010101
0101001000110110
0010010100010100
0110000000100000
0111000000110010
0110000001000101
0111001001100100
0000001000010001
0110001100000001
0110000101100100
0010010000110010
0000010000110010
0111000101100001
0111000100000101
0010000001110101
0011011001000101
0011010100110110
0110000100000111
0011000101000011
0011011101000011
0111011101100100
0011000101000000
0111011001110001
0110001000110010
0101001001000110
0010001101110101
0100011101000000
0011001000100100
0100010100100101
0111001001010011
0010000100110110
0110001101100111
0010011101100110
0011011101010011
0100011001010111
0110011101110000
0011011100000110
0101001101100001
0010001001100010
0110001000000011
0111011100100011
0010001000100111
0010011001100010
0010010001110100
0111011000100101
0101010001100001
0000000001100110
0001000000000110
0011011100010100
0010010001000010
0101010000000111
0010001000110110
0101001000110101
0000000101110101
0010001100100100
0011001100010010
0010001101000010
0110000001100100
0111011101100101
0000010100100100
0110010000100110
0111011100000001
0110011000000000
0000000000110110
0001010001100011
0101000100100001
0111011101000001
0011011000110000
0110000001100011
0001011100110001
0010011101100101
0100010101100000
0001010001010101
0011010100010110
0011001000000110
0100001000110101
0010001100010001
0010001101010100
0001010001010100
0110010101000010
0011001100000000
0000011001010000
0111011001110100
0110000100110110
0001010000010001
0100011001100100
0101001000100011
0110000101010111
0101001001100011
0010010101110110
0011001100000110
0010001001110100
0001000000000011
0010001001000111
0110001100010101
0111010000100000
0100001001110000
0110011101010100
0000000000000111
0001011001000111
0000000001100011
0101010000100110
0110010001010100
0100001001110001
0101011100000111
0101001101000000
0110001101110110
0101001001010111
0000001100110010
0101010000110110
0110011101110001
0101011100000011
0111011100000101
0001010101110011
0001001101000100
0011000101100100
0010001000010111
0000000101000110
0101011101010110
0111011100100000
0010000101000001
0010000001010000
0110011101100100
0001010100100010
0100011101000010
0111010001000101
0011000100000110
0110001100110100
0101011001000100
0100000100000010
0000010101000011
0100010001000011
0101011000100100
0011001000010000
0110001100010011
0111001101100101
0110001000100011
0110010000000110
0110011001010100
0011001001010011
0111000100110101
0011001101010101
0000001000000111
0000010001110101
0100010000100001
0000010000000011
0111001001000000
0110010000110000
0100001000000110
0111000100110100
0011010100010101
0010010100100110
0001001000100101
0100011001000010
0100010000110001
0001000100100001
0100011100110101
0000001101110010
0111010101000001
0110001101010001
0110001100110011
0110011100100001
0101011000010010
0110011000000100
0011011001010010
0000001001010111
0000000001000001
0001011000000011
0111000101100101
0011000001000110
0010010100110110
0001010001110100
0111011101000010
0000011000110100
0011010001110010
0101011101000010
0101001000010001
0110001101110010
0000001000000110
0000011000110110
0101001000100001
0100011000000011
0111010100000110
0001011101010100
0000000001110100
0101010100110000
0100010001010101
0111001000000010
0000011101010010
0001001100010101
0110000100000000
0000010001010011
0100000001110000
0010000001110001
0110000000100011
0111011101100010
0110000101010110
0011001000000000
0110010001000101
0001001000110001
0001001000010101
0001011101100000
0010011001010000
0100010101010011
0000001000010101
0100001000010001
0001001000110101
0001011100010010
0110011101110111
0010010000100010
0110001000100000
0101010100010001
0111001101000100
0010000001010110
0101001001100100
0101001101010000
0110010101110000
0100010101000010
0111001001010101
0010011100110110
0100011100110010
0110000000110101
0001011100100010
0101010101100111
0000010101000111
0001001101000110
0000010101010101
0000010000100110
0010011101010000
0110011100010011
0011010001100111
0000000001010111
0010011001000011
0101011100110011
0111010101010100
0010001000110000
0100000001010001
0110010100110011
0100011001010011
0000000000010000
0010010001100110
0010010101000110
0110010000110101
0100011100010101
0000001001100010
0011001000000001
0111011000010011
0101011100110110
0001000001110110
0100001000110010
0011001001010111
0001000101010100
0110010101000001
0110011101000011
0011010100000001
0001000101110101
0110011100000010
0001000001000010
0111010001100100
0011011100000100
0100000000110010
0010010000110011
0110010101100111
0100010100000000
0101011000010000
0001010000010000
0100010100010101
0000001101100011
0010010100100111
0011010001010001
0000001000110000
0111011101000111
0101000000110110
0111011001000011
0101010001100110
0000001001010110
0111011100110000
0000010101110000
0110001101010000
0000010000110001
0001010001100000
0101001001110101
0101011100100000
0111001100000110
0011001001100010
0111000100010001
0111010100010001
0010000101100100
0111001101110111
0010010000010000
0100010101000011
0000000100100101
0011011000010111
0011001100000011
0001011000100110
0010010000110001
0001000000110100
0010000001100100
0101010100000001
0010001000110001
0100001101010111
0010010001110010
0110011100110001
0010011100100100
0101000000000100
0000011100110000
0110010101010100
0001001100010110
0110010101000100
0001000101010000
0100011001110110
0011001101100011
0111011000000101
0110001101000011
0100001101000010
0101000000010000
0010000001010111
0100011100010000
0011010100100001
0001010001010010
0101001000010011
0000010001100100
0100001001110110
0010001100010101
0111001100110010
0100000001010100
0101011100100001
0111000001110010
0011011001100111
0011010000100011
0011011101010000
0110010001100111
0111010101010000
0101010101110010
0010000001000011
0101011001010010
0111001100110001
0010010001010111
0010011000110101
0100011100100010
0100000001010000
0100010100010000
0011001101100101
0001010101110110
0010010000010110
0101001001110011
0010010000100000
0011010100000010
0111011001100011
0010011001000001
0111011001110000
0110011100000000
0100011001010001
0010010001100010
0101010001000010
0111000101100011
0111001100110000
0001011101110111
0111001100110101
0000001100000000
0100000101000011
0000001000000100
0000001001100111
0001000100000000
0001011000100011
0100010000100111
0000010100000100
0101011001110110
0011011000110100
0010001100110110
0010010001100101
0011010100100011
0100000100000111
0110010101010111
0001010000000000
0101001001100101
0110011100100110
0001001101110000
0001001101110011
0111011101110011
0001001101000101
0110001001110001
0001010000110010
0000001100100010
0101001000110001
0101011000110000
0110001001000101
0010000001010010
0101001101100111
0001011100110000
0100010101100011
0010000101100010
0100001100110000
0001001101110101
0100001100010101
0100010001100011
0110010000100000
0001001101010100
0011000100100101
0101010101000111
0011001000100010
0001000100010101
0011001000110111
0101001001110000
0100001000110000
0001001001110001
0100001000010010
0011000000010100
0001010000000100
0011000101010000
0101011001100000
0011001100100110
0000011001110100
0110010000110001
0011000100100010
0101000101010010
0111010100100010
0010010100000100
0101010000000001
0000011001000010
0001000101110100
0100001001000000
0101001001000010
0011001100100100
0110010100010001
0011001101110110
0111010000100110
0010011101000110
0001001000000000
0101001001000100
0010001101000000
0010001001100101
0100011000100010
0001000100010011
0010001101100010
0110000000010001
0011011001000100
0100001101110100
0000001101100101
0011000101000110
0110010001000011
0011011100000101
0000010101110010
0101011101100111
0000001101000000
0101010000100100
0111001100100101
0011000001100001
0101000101100011
0010010001010110
0101000100100010
0101000100100110
0011000000000011
0101000001010010
0110010101100001
0111011000010101
0001011001000011
0000010000100000
0110010100010110
0111001001000001
0111010100110100
0111000000110110
0111000101010111
0011001000100011
0110001100100001
0101011100010111
0111001001100010
0011011101010010
0000000000010011
0101011100100010
0110000001000001
0010011101000001
0100010101010110
0110011000000001
0000010100010010
0000001100100100
0110011000110010
0010011101000010
0000010000010111
0111010001000000
0011000101110010
0010001100000010
0111001101100111
0100001000100110
0100001100000110
0011001100000010
0100011101100101
0101011100110100
0101011100110111
0010000000110011
0110010101010110
0110010101010101
0101011101110011
0111011101010010
0001010000100001
0011001100110100
0000001100100101
0000000000000011
0000001101110110
0111001000110101
0010010101010111
0100010101000100
0000000101000010
0110010100000000
0100000101100011
0010000000110101
0010000100110101
0100011101110001
0010011100110100
0010001100100111
0001010100110010
0111011000100010
0110011100100000
0000010000000101
0100000000010010
0100010101000000
0001011101000110
0110000101000101
0100001000010011
0011010101000110
0110000101010101
0000010001100101
0010000101110100
0010000001100011
0010010100000011
0011000101110110
0100011101010111
0100000000000100
0110011001010111
0011010000110110
0011010000000100
0010010001110000
0000010000010101
0010000101110101
0110011001110000
0110000000100101
0011000101110000
0101001101100101
0010011101010010
0001000100110000
0010001001000000
0100001001000110
0101000001100110
0000000000100010
0001000100110111
0110011100010101
0011011100100010
0110001001000001
0001011001000001
0010000100010110
0011011001000001
0111001101010111
0110011000100100
0001001101110010
0001011100000111
0101010101100100
0111001001100110
0110011101010011
0110000100110101
0111000100010000
0010000101110000
0000000101010111
0000001000010100
0111001100010010
0111001100100000
0010011100110000
0101001101000110
0000001001100101
0111010001000100
0110001000010100
0100001100100000
0001010000100010
0110001000000001
0101010100000111
0001000100100101
0000011101010101
0110000000010100
0110001100100010
0001010001000101
0100000101100111
0011010100110010
0001010100000010
0011010101110010
0111001101010010
0101010100100100
0010001100000100
0101001101110101
0011011000000101
0101001001000000
0110001000000110
0001001000100111
0111010101010001
0101010101100101
0101001100000110
0100010000110000
0010000000010000
0100010001100001
0011011000100111
0011011101010100
0101000001000111
0111001101010000
0110011100110110
0100010101010000
0101001101110110
0110000100000101
0001011000100111
0101011101000011
0010011100000111
0011000001010100
0101010101110000
0010010000010010
0101010100000100
0111010001100010
0110011000110001
0001011001010001
0011010100110000
0000010001110011
0001001001010011
0101011101110100
0111001101100001
0001010101000000
0000001001100011
0011000101010011
0110011100110101
0111010001100011
0101001100000100
0110001100100111
0101010001100100
0101001000010010
0100011101100010
0010001000010100
0010001101010011
0001001001010100
0111000000000001
0000011000110111
0111011101010100
0000001100100001
0110011101110100
0000010101000100
0011001001000000
0001011101000000
0111010101100000
0010011001110100
0000011100010110
0010000001010011
0101001001010011
0000000101100011
0110010000110011
0001010000000110
0100000001000110
0010010001010100
0111001100110110
0111001101010100
0101011101000100
0100010101100101
0100001001100100
0001001001100111
0001000101110001
0010010101000001
0110010001010001
0110010101110010
0010011100000101
0100000100110001
0001011101000100
0110010001000010
0100000101010111
0001011001010011
0110011001110011
0111001001100000
0101011101110101
0001010101110100
0111000100110000
0010000000110001
0001000000010011
0010010000110110
0110011101100010
0101011000000010
0100001100110001
0011000000100101
0110010100010000
0100001001010110
0010011100100001
0000000100110010
0101011101000110
0001010101100001
0101010000000110
0010001101100101
0000001001000001
0010011001010011
0101000101010110
0100010100010110
0100011101000100
0011010001000001
0111000101100100
0000010001100011
0110001001010011
0010011001110011
0100001000100011
0000000100110101
0100001001110011
0001001100000100
0111011100100110
0001010101010011
0100011000110111
0011010100100010
0011001000100001
0010011001110111
0110011000110000
0111011101000100
0111010000010110
0100010101010101
0011001100000100
0110000001110100
0101010100010011
0100001100100111
0100001101100111
0000010100110000
0010001000000000
0100010100000001
0001000100000011
0001010101100101
0011011000000111
0101000001010110
0010011000110111
0110000100110111
0100000001110010
0010000000110110
0001000101000011
0101000000010111
0101011100110000
0001001001000011
0010000101100111
0010010101000101
0101010001100010
0100010100110000
0001001100110110
0000010000010011
0110011101100000
0111000001100010
0011000000100010
0001000000000010
0000011001110001
0100001101110110
0110011100000100
0110001100110001
0100011101110110
0001011100010000
0100000101110001
0101001001100000
0010000101000100
0011001101010000
0011000101100111
0010000101100101
0000011100000011
0010011000010110
0000010101110110
0111001101100100
0110001001100001
0101011100010100
0110001100000010
0111010000000001
0001001100110011
0101010100110111
0100000101000010
0101000000110111
0110010101100000
0111000000100110
0100000001110100
0011010000010111
0111010000100101
0110000101000001
0111001000100100
0011000100100011
0111000101000101
0101000101010000
0000011100010101
0001000100010010
0100010100000100
0111011000100001
0000001000100110
0011000101000101
0000000000110100
0111010001110110
0101001000010100
0100001101110101
0001000001100100
0110000100110010
0010001001110010
0110001101000101
0001011000110001
0100011001010100
0011001101010111
0101010100000110
0101000001110100
0010011001110010
0001011100100000
0111010100000100
0001010100110111
0101001101000010
0110000101110100
0010000001010001
0011001001110101
0111011100010101
0000000000000110
0010001101100000
0000010001000100
0000001000110011
0000001001010100
0111001001110000
0011011001010001
0110010100110111
0001010000110011
0010001001110111
0111011000100110
0101001101100100
0110011001000000
0100000000000101
0011011101000111
0010001001000101
0000011001110101
0110001001110111
0001011101100110
0001011101010110
0000011100010001
0101000100110100
0101010001010011
0001000100010110
0010011000000111
0001011001110011
0000001001010000
0110000000110111
0010001000000111
0000010100010111
0101011000010011
0101001001000001
0011010001000000
0001011100000110
0000011001010001
0111000000010011
0111000000100001
0111010101110110
0100000100100001
0100011001110001
0100000101100001
0110001001010010
0011011100100110
0111001100110100
0010000101100001
0111010000010000
0101011101110110
0011010001100101
0100010001000110
0011011000000001
0011010101000101
0101001001110100
0010000100000111
0000010001010000
0110000000000111
0100010100100110
0001011101100100
0010011101110011
0011011001110110
0001010100100111
0110000001110010
0100010101000110
0011010101110001
0100001000100000
0000010101000110
0000011001110011
0000000000100111
0010001001110011
0100001101100001
0100011101110101
0001001001010111
0111001101000101
0110000000110000
0110010101000110
0110000100010011
0001011101100011
0010011001010001
0100000101100000
0001011001000000
0110011101100101
0110010000000000
0100001101010000
0011001001000110
0100001100010100
0100011001100111
0101000000100111
0010011000000010
0101000001100100
0011001000010111
0111010000000011
0101010000010000
0010011001010111
0011011001110001
0101011100110101
0111011000000100
0011000101110001
0000001000100011
0110001001110011
0000010100100011
0001011001010100
0000011000110001
0111001101110000
0000010101100001
0011000100110100
0101011001110101
0100010100010001
0000001100010000
0011000001000000
0001001000110111
0000011100010011
0010010101100001
0101010101000110
0010000000110111
0001001000000100
0100010100110010
0011010001110110
0101001101100011
0101011001000110
0011000100110101
0000001101010111
0101000100000011
0110011101010111
0010010100100011
0101010001010101
0110011000010110
0100010101100001
0101000100110110
0100000101110011
0001001100110010
0000011000100101
0001001101000010
0000010001100001
0001000100000101
0001000101000001
0011000001000001
0010001100110011
0110000101110000
0010010101110111
0101010001110110
0111010000010001
0010000000010010
0011011000010011
0010001000100001
0110000101100101
0111001100010111
0001011000100100
0111000101000000
0110011101010001
0011000000110001
0110011001100111
0111011100000000
0000011001000101
0001000001100110
0000001001110101
0110011000110110
0110001000010011
0111011100000110
0101011001100100
0101011000110001
0010011001100101
0001010000110111
0001000000100100
0000001101010100
0001010100100011
0100011000010000
0100011101110011
0000000000100100
0100000101100010
0001010100000101
0010011000010011
0010000001110010
0010010001000101
0000010100000110
0100010000010100
0010010100000101
0011001101110100
0010010001010000
0110011000100000
0011010100100110
0001001001100010
0000000100000000
0011010101010000
0111001000110111
0001001001010110
0011011100110110
0101010101000100
0100011001000011
0110001001010001
0101000101100100
0100011001000101
0101000001110001
0001000100100000
0101000000100101
0110001000000101
0011001101000001
0010001100110001
0100010001100110
0111011100000100
0011001100010101
0111010000110100
0000000101010011
0101011001100010
0110000100100100
0110000001010100
0110000100010110
0000000000110001
0101000000110000
0001000001110010
0100010001110110
0001001100110000
0000000100010010
0001010101100110
0100001000010101
0100000001100111
0101011000110110
0001000100110010
0011001001010101
0101010101010111
0100001100000101
0101011100010110
0000001001010010
0000011100110111
0000001001100001
0000000000100000
0011000001000010
0011011000100110
0101001100000001
0011000100010110
0001011000010000
0101000000010101
0100001101100000
0010000100100011
0101010001000100
0111000001100111
0101010000110111
0101011000100010
0101010000100000
0101000101010111
0110001101110100
0011000001110111
0001010101100100
0000010100000111
0100011001000100
0010011001000111
0011011101110000
0100011100110100
0000011001100001
0011001000010011
0101000100010101
0110000100100000
0110001101010100
0010011101010101
0001000101100011
0110000001000100
0101011100000010
0110001100100110
0010011000100010
0101011001110000
0101001000010000
0100011000000101
0001001100110001
0011010100110100
0100010000000010
0000010001110000
0001000101110111
0011001100100011
0011000001110100
0000000101000100
0010001101100100
0111000100100000
0101010100110101
0011010101110100
0111010000010011
0001001001110000
0000001101100010
0100010101100110
0011010100100111
0101010101100011
0101011100000001
0101010001110000
0110010101000111
0011000100100000
0011000000010111
0011001100110111
0100001100000011
0100000000000111
0011000000010010
0111010000110001
0100000101100110
0111000001100000
0101011100110001
0100010000100101
0000000000000101
0000010100000011
0000010101100000
0010000000000010
0100000100100100
0010010000000011
0010000100000101
0111000001110100
0110010100110001
0010011001000110
0101000001000010
0000001101000011
0101010000010011
0000001101100111
0000010100010001
0011000000100111
0011000001100110
0010000001110000
0010000101110011
0001011100010101
0011011101110101
0101011001110010
0111011001100111
0111001101010101
0011011001110010
0111000101110011
0011001001000100
0101011000100110
0100011101010001
0101000100000000
0010001000000101
0000010000100010
0101011001110100
0100001100100110
0000010001100010
0111000001110110
0000001001000011
0011010001000101
0100000000110101
0000000100110110
0010010101000011
0101000001010001
0001001001100011
0110010000010101
0111000100010111
0111001101000001
0100000000110001
0100000001100000
0101000101100000
0100001001010010
0010001101010101
0100000000000011
0111000001110001
0110011000100101
0000011101000100
0101001100100110
0100010100100111
0100001100110100
0000000000110010
0111000001100100
0101001100100111
0000010001000001
0111011101100000
0101001101110100
0111000000010010
0110011001010110
0011001101000000
0110001100100000
0101011001010111
0110011101010101
0010001000010101
0110011001010000
0100010001000001
0111001101000011
0110000001000110
0101010101100010
0111001100000101
0110001000010111
0001011101010000
0111000001000001
0101011101010100
0101011001000111
0110000101010010
0110000001000111
0001000101010101
0100000101000000
0011010100000100
0101011100010101
0010011000110001
0011001101000111
0100000100000000
0000001101010000
0100011000000010
0010000100010010
0000000000010010
0100001101000100
0110000100100101
0000001100100110
0000011001010011
0100011001110101
0000010100110011
0000010001110100
0101011101010011
0100000101100101
0011011100010110
0110001001000010
0110010000100010
0111000100010110
0111000001110101
0010011100010000
0010001101110110
0000000100100100
0111000001010010
0010001101100011
0100010100000110
0000000001100100
0000000100010100
0000001000010011
0010001101110000
0011001001110011
0011011001010101
0111011100100100
0110000100010101
0100010101010100
0000001100000100
0111011000010001
0000011000000101
0011011000010000
0110011101100011
0101010000100001
0001011100000011
0100010000010110
0000010100010101
0001000000010100
0101001001010100
0010001000010000
0000000001000011
0011001101000100
0110011000010011
0111010000000100
0111011101100001
0010011101110000
0001001000110010
0011010001000010
0011011001000000
0010000000000011
0111010100110010
0101010100010100
0100001001010001
0111001101000110
0110000000110010
0001011000100001
0010011000000101
0101001101100010
0001001100010100
0111001101110100
0110000000010011
0100001000010110
0010001000110011
0111010100000111
0000010001010100
0110011100100011
0111000000100000
0100000100010100
0100001100010111
0010010101110101
0011010101010011
0101001101010010
0000001001010011
0000011101110110
0100010100100000
0110001100100101
0110000001100111
0011000000000100
0011010000110101
0000011100100001
0011011101100101
0111011101000000
0100000101110010
0011000001110010
0111011000110110
0100000000010100
0110001000000010
0101000000100011
0110001000100111
0101010001010001
0000011101010110
0011000100110011
0100001001010000
0000011001110000
0110000100010001
0011001101010110
0010000100000011
0111001001100011
0111000100100111
0100001000000001
0000011101010001
0111000000000000
0010010001010011
0100001001000001
0010010101100010
0000000101100101
0001001000000010
0111010100010010
0010001101010110
0111000000110101
0001010001010000
0000011100100000
0100010101110000
0011010100000101
0001010000100110
0001001001010000
0011001101010011
0001010001000011
0100000001000101
0010010001110101
0101001100010111
0110001001110100
0011000100000010
0110001100010010
0110000101110111
0011010101000011
0100010000100010
0101011000000000
0110001100000111
0111000001100001
0001010000000111
0010000001100010
0101001100010101
0111011001100101
0010010101010000
0111001100010001
0000010100110100
0100000000100101
0000000001110000
0101000001100000
0010010100000111
0110001101010011
0110000100100011
0111010101000110
0010001101110011
0010000001100101
0111000001010100
0001000000110000
0110001100000110
0100000001010111
0101000100110001
0001001001010010
0100000100100110
0001001000100110
0011000101100011
0000010001010110
0010000001100111
0001011100100111
0000010000100101
0101011000100011
0000011100100010
0001010100100000
0100000001100100
0100001000100001
0111010100010101
0101010101010011
0000000101010101
0001010101100010
0001011001110000
0100000001100001
0101010001010010
0011011100010011
0101010001110100
0000000100010101
0101001000000011
0100000001000100
0010000000000001
0011001001000111
0000010000100001
0000011100110011
0111010100000000
0000011001000110
0100011100100001
0001001001000110
0111000100100110
0000011000010010
0100000000110011
0110010100000010
0100000100010011
0000001101000100
0100010001010001
0110010100100100
0010001000000011
0011011001000110
0011000100010011
0001001000110100
0011011000110001
0010011001110101
0000001100010110
0110011000000110
0101011101110001
0110001100100011
0000001101110100
0111001000110000
0000010101010000
0011001000100111
0101011100010010
0101000101000110
0010000100100101
0001010101110111
0000000101100010
0101001000010110
0111001100100100
0110001001100000
0101011001100111
0011011000000110
0001001000010111
0101001000100100
0110010101110101
0110011001000111
0110011000000111
0111011100100111
0100011000010001
0001010000000101
0001010001110111
0100000000100110
0000001001010101
0101000000110001
0001010100110001
0101010000010110
0011001000110000
0011001001000001
0001000100100110
0111011001010111
0101000100110011
0100001000110111
0111011100110011
0010000001110111
0011010001110011
0111000100000111
0111011000110011
0011001100010000
0101010001100111
0011010101000001
0000000101100001
0101010100000011
0001010101100111
0100000100100000
0000001100000001
0010011000110100
0110010001100011
0001001000100001
0000011101000001
0111000101100010
0110001001110101
0100000001010010
0010000001100001
0000000100000101
0000011000000000
0111000001010111
0101000000000000
0101001100110100
0101011000110011
0110000000000010
0010011100110101
0001011000110111
0111011001000000
0001000001110001
0000011000000011
0101010000100011
0111010100110001
0001011000010111
0101011001100001
0101010100100010
0110001101100001
0011000000000001
0000000001010101
0111011001010110
0101001101110000
0001001000010100
0100000100110101
0011001100010110
0010000100110010
0000010101010100
0000001001000111
0010011000010000
0011011000010110
0000011100100011
0101010100110110
0001000101000000
0101000001110000
0111000100000011
0111011001000101
0100001001010011
0010011001000101
0100000000000000
0010000001100000
0100010001110111
0001000101010110
0001010100010100
0111011100010001
0101010100110010
0110000001110110
0001000100110100
0011011000000011
0010011101100011
0001011101100010
0101001000000101
0101000001100010
0100010001010111
0011011001110011
0101001101010111
0111010101010010
0000011101100010
0100010100000101
0000010101100110
0010001001010110
0010010100100100
0111000101010110
0010000000110100
0000010001110001
0000000101100000
0000000100010001
0010000001010101
0010000001010100
0111000001010110
0100010001110100
0001011001000110
0011000000100001
0101000101110110
0101000001110110
0000011001000000
0110001000000000
0010010000000110
0110000100000110
0100011100010111
0001011100100001
0011001001100011
0011010001100100
0100011100000100
0110010001110001
0010000101010100
0100001000100101
0100001100100101
0111000101000110
0010010101110001
0110011101110101
0111000001010000
0010010100000000
0011001101100010
0101001101110011
0000010101000101
0010000100000110
0100000001110011
0011011100000010
0100011001000001
0101001100000010
0000011001010111
0011000100000111
0001010100010111
0100000001010011
0101011100000100
0101001101010100
0011011000100001
0001010101000111
0000000001110111
0001010100010011
0111000001110011
0100011101110010
0011001000110001
0011011001110101
0001000001000000
0110001001010111
0001001100000011
0110010000110111
0010011101010011
0010000100110111
0100001000100010
0110001001010101
0111010101100001
0100000100110010
0001000001000110
0110010101100010
0010011000000011
0010011100110011
0111000101000011
0101011001100011
0101000101000001
0101000101110111
0110000101000111
0010001100010011
0011001001100111
0001010100000110
0001010101010110
0000010000100111
0010001101010111
0110011000100111
0110001100010110
0100010000110110
0101001100100100
0111010101010101
0110011001110110
0010011001100000
0011010000010100
0001000101100110
0000001000100001
0110001000110111
0001001000000110
0010000000000110
0001001001100110
0001010100000100
0110011000100010
0010001101000101
0010001101010010
0101000101110101
0001001001100000
0111011101110110
0000011001100110
0000001000010010
0010000001000111
0001010000110101
0111011100110110
0010001101010000
0111001000100110
0100011001100101
0001010001100101
0111010101010011
0111000000110011
0100011000010010
0111010000110110
0010000100010000
0001001000100011
0100001001010101
0011001001010000
0011011101000001
0101011100000101
0001000001100101
0011010101100001
0011011001100100
0010011100100011
0001010000000001
0111011001000010
0101000001110010
0101000001100011
0010011101010001
0100001101010110
0000000100000100
0110010100110110
0100000101000111
0001011100010100
0111000100000100
0111001101000111
0101000100110111
0011000101000111
0000011100010010
0110010100010101
0111001000010101
0111000000100010
0010001001000010
0001010101000010
0011001000100110
0111010000110101
0011000000010101
0110010100100000
0010010100110000
0100000001000010
0111011000000011
0011000100000100
0101001000000001
0110010101000000
0101010101000010
0011000001110110
0110010000010011
0101010000110000
0001001101110111
0100001001010111
0101001100000011
0100010001000101
0101011001010000
0101010101100001
0100001001100001
0100000101110000
0110001101100010
0001001000010110
0000001000110010
0000001101110000
0110001001100100
0000001001110000
0100001000000011
0111011100100001
0101011000110010
0110010001110110
0101001001010000
0111000101110111
0110011100010001
0000010101010001
0111010100010110
0100000100100101
0001011000010100
0010010000110000
0100001001110010
0011011001100001
0110000001110001
0110000000010101
0000000001000110
0101000101000101
0111011100010111
0011001100110001
0111010000100100
0010001101110111
0111001000010011
0001001000110000
0011010100100000
0000011101110101
0001011001110111
0010001000000100
0101000001000101
0110011100010010
0001000001000011
0000010100110001
0010010001000111
0110010100000110
0001001100000000
0101010101010000
0101001101010101
0100010001100101
0100011000010100
0001010000010011
0010011101110110
0111001000110010
0101000101010101
0001010000010101
0011010101010110
0011001000010001
0001000101000111
0010011101000000
0100010001100100
0011001000000011
0001000101110011
0001011100000100
0001010001000110
0111001001110011
0000011001000100
0011011000000010
0101010000110011
0110010001010110
0111000000010001
0111011001110101
0000010101000001
0100001001110100
0111011100100010
0011011101000000
0001010001110001
0110000001100010
0111011101100111
0111001100000011
0010000101010101
0101000000110101
0000011001010101
0000010001110111
0011011100100011
0110011001110111
0011010100000111
0001011001100001
0100011100000111
0101001000100101
0001010100000000
0111000101010010
0011000000100110
0000011100000000
0000000001100111
0101011001000010
0010000100100111
0100000001100110
0001001000000111
0010000001000100
0000000000000001
0111001100100110
0011000000010001
0001010100010110
0011000100110110
0110001100010100
0100001001100011
0111010100010100
0010010100100010
0010001101100001
0110000001000011
0111010001010011
0101010000100101
0010001100110111
0001010000000011
0100010000000011
0001001101100111
0110011101000100
0100000001100011
0100010101010111
0100000101010010
0100000100000011
0000010101110111
0101001101000011
0111000101010001
0001010100010000
0000001100100000
0110011100110010
0100011000100101
0101001000000111
0010011000110000
0010010000010101
0110000101110001
0101010100110001
0001000101100111
0101000000110010
0101010101110100
0110010000010100
0111011100000011
0010011100010100
0010010001000100
0001011101010101
0001000100000110
0000011101000011
0110001101010111
0110011100110011
0001001100100111
0000010001000101
0011000101110011
0110001000100001
0110000001010111
0011001100010001
0001000100000001
0101010001000101
0100011100110001
0000000100100010
0101010000110101
0001011000110100
0100011100110000
0000010101100010
0100011000100111
0000010000010001
0110010100010111
0110001001000110
0100000101000101
0010001101110001
0110001101000100
0100011000110000
0011000000110011
0010000001000101
0111010001110010
0100000100010111
0011000101010101
0110000000110110
0001001001100100
0000010101010111
0000011000110010
0111001000000001
0011011100100000
0001001100100100
0100001101100010
0000010001100110
0101000001110111
0011011101010111
0001010000110001
0000011000000111
0111010100110000
0011011001000011
0010001100010110
0000011100000010
0100010100110110
0011010001100001
0001001101000000
0110000001010110
0111001001010100
0100011100110110
0100000101010000
0110011000000010
0110000101110101
0010001001100000
0101000101010100
0011011100110100
0001000100110011
0011001100000111
0001010000010110
0110001101000000
0101000100110101
0010011101000111
0011011000100101
0110011001010011
0100000100110110
0110000100000011
0100011100010010
0000011000110101
0100011001110000
0011011000010010
0110000000000110
0011010100110011
0000011101000010
0001001101010000
0100000000100000
0101011001010011
0101001000010111
0010001100000001
0011010000100111
0000000100000010
0000011000100011
0011010001100010
0111010100100111
0011000100100100
0000001001110110
0000001000110001
0001011100010001
0111001101110001
0010000000010111
0111011100110100
0001010001110010
0010010000010011
0111000000000101
0100010001110011
0000000001100001
0001000101110010
0100001101100110
0000010100100110
0010001100000111
0010001001110110
0101011000110101
0011010101100011
0010000101100110
0010001101110100
0110011000010111
0000001101000111
0101000001000110
0111010100000101
0000000100010110
0010011001100110
0011010000110010
0111010101110011
0001001100010010
0000001001000110
0011010001010011
0011010000100101
0011001101000101
0010010101100011
0110000000010110
0100011101010011
0001001001010001
0111011001100010
0010000001000001
0000010000110011
0100001001000011
0110001100110101
0101011001110111
0010010001110001
0000010100100111
0010001000100011
0001010100100101
0001011000010101
0000001100010111
0110011001000101
0111000101100111
0010010101100000
0001000001010111
0011000100010001
0110010101000101
0001011101100111
0101010101000101
0000011101100000
0111000000100111
0110010001010111
0010001000110010
0010011100010110
0110000001010001
0110001101110011
0001000000000000
0101010000110010
0101010101000001
0011000101000100
0101011000010111
0111011100010011
0010010000110101
0011011101100011
0011010000000001
0001001000110011
0100010000010111
0000010001110010
0011001101110010
0010010100110111
0011000101110101
0010011101000011
0010010001010001
0011001100110000
0100010101010001
0100010101000001
0110000000100010
0000001000100111
0110010000010000
0010000100100000
0001001101100101
0100011000110100
0100001101100100
0111010001000111
0100000100000110
0001011101100001
0001011000010011
0101001101110001
0011001100100111
0001010100110110
0010000100000100
0000000100010000
0101001100110000
0100011000000110
0010011000000001
0000011100100110
0101011101010101
0111010000000010
0101000100010010
0101011100000110
0001001100010001
0001010101100000
0000000000100110
0101011101110010
0011000001010001
0011001101100000
0101010000000000
0000011000010100
0111010000110000
0110000100110001
0000011101100001
0100011000100011
0000001101110001
0101001100100011
0010011101100001
0100001100000111
0000001101010001
0100001101000110
0101010000010010
0010011001110001
0011000000010110
0101001001110110
0011000001010000
0111000000000011
0011010000100000
0100011000100110
0110011100100111
0011010101110101
0001010000100111
0011011000100010
0111011001010101
0011010101110110
0000011101000111
0111000101110101
0010011000000100
0100010000000000
0100001001100101
0000010100010011
0011010000000110
0101000100010001
0011011001110111
0001010101110010
0111011101010101
0001000101100001
0100001100000001
0001000000010101
0001000101000101
0000000101110010
0010010100000110
0110001001110010
0101010001000111
0100011101010010
0000010000110110
0110010001110000
0010010000100111
0000011101010111
0011001100110101
0010000100000000
0111010000110111
0101010001000000
0101011100000000
0111001000100010
0100011101110100
0001011001100010
0100000001000011
0100001100010011
0101010100100000
0001001100010111
0110010000000100
0000011000010001
0100011000000000
0011000101000001
0101010000100010
0100001101110111
0010001000010001
0011000001000111
0011011100000011
0101000000000010
0101001100100010
0001000000100110
0011011100000111
0010011000100101
0110010100100110
0111011001100100
0111010100110011
0001001000110110
0111010001000001
0011010101100100
0111011101010111
0111010101100100
0000011100110100
0110010100100011
0100011101100011
0001001101100100
0111010001100101
0100011000110001
0000000001010010
0001001100100110
0001000001110111
0101000001000100
0101000000100000
0100010100100010
0001000001110100
0110010101110011
0100000000110000
0011011001000010
0010011101100111
0100001100010000
0100011100000010
0111010101110001
0111001101100000
0100001100110101
0010001001110000
0100000000000001
0011010001010111
0110001001000011
0111000101010100
0100010001000010
0111010001010111
0111001000010100
0010010000000101
0000011101010000
0001011101110001
0000000000010110
0000001100010011
0010010101010110
0110010000110100
0010001000110100
0100010001110101
0111010000010010
0000001100010100
0101010001100011
0101010000000011
0100001101100101
0110010101100110
0100010100010100
0000010000000001
0111001001000010
0000000001000111
0110011100000011
0110011001010101
0000000101100100
0110010001100101
0100000000100001
0100001100000000
0000011001010010
0110000101100010
0111010100000011
0110011100100010
0001011100100110
0110000101000100
0001011100100101
0011011101110110
0000001001110111
0011001101100111
0010001001100001
0010000101010001
0111010101100110
0010011000110010
0001011001010101
0111010001100001
0110011100100101
0001010101010111
0011010000000000
0100010001100000
0010000101000101
0110011100010100
0011001100100000
0011010101010010
0010001100000011
0101011000000111
0110000000000001
0101010000010101
0001000000000001
0101011101100010
0110000100010111
0000010101110101
0111001001000110
0011001101000011
0000000001100000
0110011001010001
0110000101000000
0000011101000000
0000011000010011
0000010101100100
0100001100110010
0100011101100110
0111001100000111
0001010001000010
0100010101010010
0111000001100011
0111010000100011
0101000001010011
0001000001110011
0000011000010000
0111001001010110
0100011000110101
0110001100010000
0011011001110100
0101001101000001
0001000000110001
0000001001000000
0111011000110001
0010000100010001
0001001101010001
0011000101000010
0010011100010111
0110000000010000
0011011000000100
0100010101110110
0101000101110011
0000011000110000
0001000101000010
0001011000100010
0001000000110101
0100011001010101
0100000101010101
0110001000110001
0101001001110001
0101011001110001
0101010001100000
0011001101100110
0000001001100110
0100010000000101
0111010101100010
0011000101100000
0101001100000111
0011000001010101
0011011100110000
0100001001100110
0000011100010111
0000011000100000
0101011001000101
0110010100100010
0100010000000001
0010001001100100
0010010101110011
0011011101100111
0011001101010010
0000011101100011
0011010001000111
0011001000110110
0101011101010001
0001001100100010
0110010000000010
0101011101110111
0010001101100111
0001011101110100
0110000000100110
0000000001100101
0010010101100111
0000010000000110
0110011101000110
0011000101010111
0000010100110010
0111011101110101
0010010101010001
0001011100110100
0011000100000101
0001011000100000
0101000101000011
0000000101110111
0011000100010010
0010000100110001
0101001100010100
0011010000110001
0100011001110010
0111010100110111
0001010100000001
0110011000110100
0111001100000010
0101000100000100
0110010001110010
0000000000110000
0001011101100101
0011001100100101
0001001001110011
0011010000000101
0010011000100011
0010000000000000
0111001001010010
0110000100010010
0000010000000111
0000010100000000
0101010001110010
0011010100010100
0110001101100101
0000011100110101
0001011100110101
0000011100100101
0100000101110110
0010010101110000
0101010001110001
0001011001110010
0011000100000001
0111010000010100
0100000001100101
0100011101010110
0010000001000000
0011001100010011
0000011101110100
0011010000100110
0001011001010111
0011001001110111
0100001100010010
0000001000100000
0011010001110000
0110000101010100
0110010000110010
0110001100110000
0001011100100011
0011001000100101
0010011000100100
0101010100000010
0100000001110101
0001010001000111
0111000100100101
0110010000000111
0100011000100001
0001011101000011
0101001000000100
0100000000100111
0110011100000101
0111011000110101
0001010101010101
0110010000010010
0111010001010110
0000011001110010
0110001101110000
0001011001110001
0010000101010010
0111010001010100
0111001100110111
0011010000100001
0000011001000111
0100000100000100
0011011101100000
0111000100110001
0111010101000100
0000010101010010
0111010001110111
0000011101100111
0000001001100000
0000000001010110
0010010101010011
0111011000110100
0110000000100100
0001001000010000
0011010001100110
0100010000000110
0101001100110010
0000010100110110
0110011101110011
0101000101100101
0111000001100101
0001011100110011
0110000100100110
0000010100110111
0011010101010001
0010010100010000
0111011000110111
0110011000010000
0001000100100111
0000001101010101
0101000000110011
0110011100000110
0011011101110010
0001011101000101
0111011001010011
0110010100100001
0000011101100100
0001011001010010
0010011100110010
0011001100100010
0000010000010010
0001011000100101
0100000100010101
0010001001010101
0001010101110001
0011000000000101
0000011000010101
0100010101100010
0011001000000111
0000000101110100
0010000100100010
0111001101100110
0110011100110100
0000000100100000
0100001000000101
0000000100010111
0111000101100110
0110010000110110
0000011100110110
0000011100100111
0011000000110110
0010011101110101
0101011000010001
0001000001000100
0101010100100101
0100010001010100
0000000101110011
0111001101110010
0111000000000110
0100001100010001
0101000100010000
0010000101110010
0111011100010100
0000000001100010
0011000100110010
0010000000010100
0111011001000100
0011001100110110
0111011000000001
0100000001010101
0011010000010000
0000001101110111
0111011001110010
0000000101010110
0000000101010010
0001001000100010
0001001101100000
0001011100010011
0110001101110111
0101010000010001
0111001001000111
0010011001000000
0111011001110011
0110001000110000
0010001100100000
0101001100010000
0000011001000011
0110010001110101
0010001001000110
0011000101010110
0110011001100101
0110011101000000
0001000000110110
0001001001110100
0100000101110111
0000001000000001
0100010001010110
0010000100000001
0011010000000111
0101001000000010
0100011100100110
0101000101100111
0111010100010111
0011010101010100
0001010001010001
0100010100000011
0000011000110011
0010000101000111
0111000101010101
0110000100100111
0001001100110100
0011001000010110
0010000000000101
0010011000010100
0100000001110111
0101010101110101
0010001000000010
0100011101010101
0111010101110100
0110000100000001
0100010000010000
0001011100000101
0011000100010101
0011000001100010
0011000001100111
0000011000100001
0100010001100010
0101000000000101
0001010001000100
0100011000100000
0001010001000001
0101011100100011
0000001101100110
0010010101010101
0101000101110001
0000000100110011
0110011101110010
0011011001010110
0111011101000101
0001001101010111
0110010001000110
0010011000000000
0011000001110011
0110011101000101
0101000001100111
0100011100110011
0011010100100101
0101010000010111
0010011000100001
0001011000000110
0000000001110010
0111010101000011
0111001000110001
0100010001010011
0100010101110010
0011001000000101
0001011100000010
0001000001010110
0000000000010111
0110011000000011
0011011101010110
0101011000000001
0010010000110100
0101000000100010
0010011101100000
0100000100000101
0001010101000011
0011010101000111
0010001100110101
0011000101100101
0010010101110010
0000011100110001
0101000000100100
0101010101000000
0110000101000010
0100011100100111
0001000000110010
0000000001010000
0100010100110111
0100000000100011
0010000000010001
0101000001100101
0100011000000111
0111000001000100
0011010001110001
0111011000100100
0000001001110011
0111000001110111
0011001001010010
0011000001100011
0011011100100101
0001010100100100
0001010001110101
0001011000000100
0101000000010001
0000001101000101
0000000000010001
0111000001000010
0110010101110110
0101000000000111
0000010001010111
0111001000100111
0011000001100000
0010010000100011
0001000000000100
0111011000000000
0101001100000000
0100010101110011
0110011101010110
0100001101110001
0011000100100111
0101010101010100
0011010000010010
0010011001010101
0110010100100101
0010010100010011
0000000001000100
0100001100100011
0111011101000110
0000011100110010
0101010100100110
0100001001010100
0101001100010011
0110011000100110
0000011001010100
0101011101100011
0000011000010111
0101001001100111
0110011001000010
0000011001010110
0100011001000111
0100000001010110
0100000000010110
0000000100110111
0001011101110000
0010010100010111
0001001100100000
0111000101010011
0100010100100100
0101000101100001
0010001100110100
0010000000010110
0011000101010100
0101000101110100
0000011101110001
0001010101010001
0011001001110001
0100000101000110
0100001101010100
0010011100100010
0111011001010000
0111010100100100
0111001101010110
0001001001000000
0000000000010101
0101000100010100
0000000101000000
0011001001110010
0111010001000011
0000010101100011
0101001000010101
0111000000010110
0100001101110011
0110001100010111
0110000001010000
0011010000010110
0011000001000100
0101001000110010
0000011101010011
0111010000000110
0000001000010110
0111010101010110
0000010001000110
0001001100100011
0011000000010011
0001010101100011
0000011000100100
0001000001010010
0011001100010111
0110010101010000
0110001000100101
0001001100010000
0010010000100001
0000000100000111
0111000000110001
0110000101010001
0100010000100100
0011010101000000
0110010001010011
0001011000000111
0001001001110111
0100000100010000
0000001101000010
0011001000110100
0001011101010001
0001001101010110
0100011000100100
0110001101110001
0000001000110101
0100001000010100
0010001101000100
0011010101110000
0111001000100011
0011000000010000
0011010000010011
0000011001100111
0111010100000001
0010010001100000
0001010001100001
0000011100000100
0100011000110010
0110010100000011
0010011001000100
0000001100110111
0110001001010110
0100000000110110
0001001001000111
0001000000000101
0100011000110011
0000000001000000
0111010001100111
0000001001010001
0100010001100111
0100011001100110
0010000100100100
0101000101100010
0010010101000000
0010000100010111
0001000001100011
0000010001010101
0011001100110010
0110000101000011
0001011100100100
0110011101100110
0101010000100111
0101000100100011
0110001000010000
0011010100010000
0011001101100100
0001000001010101
0010010100010010
0000010101110011
0010011101110111
0100001100110110
0010001000010011
0101001100100000
0010011101110100
0111011100000111
0101010001110011
0101010100010010
0010000001000110
0000000000100011
0111001000110011
0111000000010111
0000001001000010
0000010101100101
0011010000110111
0001001001100101
0000011001100000
0100001001000101
0110001000100100
0001000100010100
0110001100010001
0000011001100010
0010001001000001
0011011101100001
0010000000100111
0011000100010100
0111011100110010
0101001001100110
0011011100010010
0010011000010101
0011011001100101
0101011100110010
0010011000110011
0111010101110010
0100001001100010
0111010100100110
0101001101000111
0100010000100011
0100010000110101
0111011101110000
0001001000010011
0000000001110001
0000010000010000
0100011001010110
0111011000100111
0010010001010101
0010010100000010
0100001100010110
0010010100110011
0110010101110001
0000000101000011
0010010001100100
0100011100100101
0111001000100001
0100001000110001
0100010001110010
0010000000100100
0000000100100001
0111000101100000
0110001001000100
0100000100110011
0110010000100111
0101001001110111
0110011001100010
0001011000110011
0011000000100100
0001010001000000
0001011101110110
0111001101010001
0101010100110100
0101000000000110
0101011101100001
0011011101100110
0010010101000111
0100001101000000
0101011101000000
0001011101010011
0001001101110001
0000001100110110
0100000101000100
0011000001010111
0100001101010001
0111010001110000
0011010000110000
0110000001000000
0010001001000011
0010010001010010
0000001100000110
0010000001000010
0000000000110011
0000001100000101
0010010100010110
0101010100010110
0011010100010011
0101000000010110
0001000001000101
0100010001110001
0101011000100101
0000011101110000
0010010100000001
0001010000100101
0111001001010000
0010000100010100
0011010101010101
0011001001010001
0100011101110000
0010000100010011
0110011001100011
0110001000010010
0100011101000001
0001001001110101
0001011101110101
0100010000100000
0110000000000100
0000010001100111
0101011000010110
0011001101110000
0101000100000010
0011011001010011
0001001101010010
0001000100100100
0000000100100110
0111000101000111
0101000101110000
0111000000100011
0101010001000011
0100010101110001
0000010000000010
0011011100000000
0110001100100100
0000000100110100
0001000001010001
0110010100000001
0001000101100010
0101011000000110
0011001101010100
0101010101110110
0111011000000110
0010010100010001
0111000001010001
0000010101110001
0110010001110111
0111011000110000
0000010100010000
0110011001000001
0001010101000001
0110001000010101
0111000001010011
0101001000110000
0010011000010010
0000000100100011
0111011101110010
0111010000110011
0101011100010000
0101001101110010
0001001000000001
0001011001100101
0010011001110110
0111000000010000
0110010001000001
0011011100110101
0010001000110111
0011001000110101
0100001100000100
0111010001010010
0111000101110100
0111000101110010
0101000100100111
0101010001110111
0111001001000011
0011000001110000
0010000000100011
0110001101010010
0101000000000001
0111000001010101
0111010101110111
0011001001100000
0000011101100101
0110010001110011
0001000001100010
0011011101110111
0000001000100100
0011011001100011
0100010100110101
0110010100110000
0111001000010001
0011010001010100
0000001000000011
0101010101100110
0111001101000000
0110011000010010
0100011000110110
0010011000110110
0000010101000010
0100010100100001
0110010000010001
0001000000100101
0110011001100001
0001011000000101
0110010100110101
0100001001100111
0111010101000010
0000001000010000
0111000000110111
0100010000010101
0101000001110011
0100001000100100
0110010000000101
0010010001100111
0011001000000010
0011001001110110
0010011001100001
0010000100110100
0110011101010000
0000000001010001
0111000101010000
0011001001000101
0100000100100010
0101001100100101
0011001001100100
0100010000010011
0111010000100010
0111011001100001
0011001100010100
0100010100110001
0001011001110100
0000001000000000
0000001101000110
0000010100100000
0011011001100000
0000010001010001
0001000100110110
0011000000100000
0110010000100001
0111000000000100
0010000100010101
0001000001100000
0101011101100000
0010011000010111
0110011000110011
0111010101000111
0100011100000011
0100000000010000
0101000000010011
0101000101100110
0001001101100110
0001001100110111
0100000000000110
0011000100000011
0010010101000010
0010001001100111
0111011100010110
0001010101110000
0001001101110110
0101000000010100
0110010100100111
0000000000100101
0010010000010001
0111001101110101
0110000000000011
0111011000010100
0110011100010111
0000011001110110
0010011100000110
0110010001010010
0010001101000111
0001001101000001
0111000001000011
0100001101000001
0101001101010110
0011000101110111
0011001001100110
0011011001100110
0010010000000000
0110000000000000
0100010100100011
0111001100000100
0111011101110100
0100011001100000
0000000101000001
0111001100000000
0101011000000011
0110001000110110
0000010001000011
0010011001010100
0100001000000111
0011001101110001
0000011000000010
0111001000110100
0010011001000010
0110011100010000
0101001001000011
0100010000100110
0111000000010101
0010011001110000
0011011100000001
0100001100110011
0011010101100010
0101001101100110
0001011001000010
0000000001000010
0111011001100000
0001000001010000
0111001001000100
0010000000100001
0010000000000100
0010011000010001
0001010001110011
0011010101000010
0100010000000100
0100011001100010
0000000000110111
0111001000000101
0011011101010001
0000010101010110
0011011100110001
0001000000100000
0000000101110001
0100000001110110
0110000001100101
0100001100100010
0001001001110010
0010010000100110
0111011000010010
0000001100110000
0011000100000000
0011011000010001
0110001000110011
0001001100000010
0010010100010101
0001000101010010
0110000100110100
0001000101010011
0111000001000110
0001010100100110
0110000101010011
0001000101000100
0101001100100001
0111011001110111
0110010100110100
0010011001100011
0011011100010111
0011000100110111
0001010001110110
0111000101000010
0110000001010101
0101001001100010
0011010100010111
0101011000010101
0110010001100001
0100011100010011
0010010001100011
0101000100000001
0111010101100011
0111001101010011
0010011101000100
0001000001000001
0010010000000111
0111000001000000
0011010000110011
0110010001010000
0011001000110011
0110000000110100
0011001101000110
0001010000010111
0011010100000000
0010000000010011
0010011100100000
0111000100110110
0010001101100110
0011010100010001
0100011100100011
0100001000000100
0011010001110100
0010010101010100
0010000001110011
0110010100000100
0000001100100111
0000010000110100
0100001101000101
0011000000000110
0110010000100100
0011001001100101
0100001101100011
0001001100100001
0111001100010101
0110010101010011
0011000100100110
0101001100010110
0000000101100110
0110011000010100
0110000001100001
0101010100100111
0110000101100110
0010010101000100
0010010001110111
0001000101110110
0101011000110100
0110001001110110
0000010000100100
0100001000000000
0011011000010100
0110011000100001
0110010100010010
0001000001110000
0110001000000100
0110011001100100
0111010101010111
0101000100010111
0100011000010110
0100001000110110
0010010000100101
0011001000100000
0100000101010001
0111001001110001
0111011000010000
0111001000100101
0010001100000110
0110010100000111
0111001001100101
0001010000100011
0100001101010011
0001010101000101
0100001000110100
0001001000100100
0101010001010000
0111011101010110
0011001000010101
0100010000110010
0010011001010010
0011000001010010
0000010000110000
0101011101000101
0000000101000101
0011000001000011
0101001000000110
0001011101110010
0011010000000010
0010000000100101
0000000101010100
0100010101110101
0100000000010101
0011010100100100
0101010001010110
0001000001100111
0111001001110101
0010011100110001
0011001100000001
0000010101100111
0001000101100101
0111000100000110
0111011000100000
0010001101000110
0100010100110100
0111001101100010
0110000001110011
0011010001000011
0101011000100001
0010010100100000
0000001101110101
0001000101000110
0001000000100010
0110010001110100
0000001100010010
0011011000010101
0101011101100101
0110000100110011
0000001101100001
0011011101000100
0011011000110010
0000011100100100
0000000001110110
0100011001100011
0110011101000010
0110001001110000
0000001100110001
0100011101000110
0111000000110000
0111010000000101
0010000001100110
0110010001000000
0101010001000001
0110000101110011
0101001100010010
0110000001100110
0101010100010000
0000000101010001
0010000101100000
0111011001000111
0100001000010000
0001010100010001
0000001101010110
0100011000000100
0101000001110101
0001010001100110
0110000001010011
0101010001110101
0011000000110100
0000011000010110
0001001101100010
0010001001010010
0111010100100000
0100011101100100
0101010001010111
0010011100000001
0000001100000111
0001010100110101
0000011101110011
0101001000100000
0110000001000010
0001011100010110
0110001100000011
0000001100110011
0010001001110001
0010001100010111
0011010000010101
0011011000110011
0001010001100111
0011010101100101
0011000000000000
0010001100110010
0100000101100100
0010001000100101
0011010101010111
0111001000000111
0101000101000100
0101001100110110
0111011100110001
0011000001010011
0100010001110000
0010001000010010
0101011100100111
0001011000110010
0110001001100101
0110001001100110
0111000100000010
0011001000010010
0100011101010000
0110011000010101
0111011000000111
0001010001100100
0100001101010101
0111001000100000
0110011000110111
0101000100100000
0110001100000101
0011011101100100
0101010100000101
0101010000010100
0100011101100111
0000011001100100
0000011101110010
0100010100010010
0011000000110111
0010010001000000
0011000101110100
0010011101010111
0110001001010100
0001011001100011
0010011100010011
0101000100000111
0000011101000110
0101011101110000
0000001001110100
0100011100010110
0111010101000000
0011010001100011
0110010000000011
0110010001100010
0110000101110010
0001010100000011
0100010100010111
0000000100000011
0011000101100001
0111010000010101
0101011000010100
0000000101110000
0011010001010101
0101011100100101
0010010000010100
0000000001110011
0100011001110111
0011000001100100
0001000100100010
0010011001010110
0001011001100110
0110000101100111
0100010000010010
0111011000000010
0100010101100100
0011011000100011
0001000101110000
0101011001110011
0100000100010001
0000010000010100
0011010101000100
0001001000100000
0100000000000010
0011011100110010
0001011101000111
0010000101010110
0001000000100001
0101001100110101
0011011001110000
0110001001010000
0111001100000001
0111000100110111
0011010001110101
0011000101100010
0000001101100000
0010011100100101
0110000001010010
0110010100010011
0110001000110100
0010000101000010
0101000100100101
0011010100010010
0100000000110111
0010001001010011
0111001001110111
0111011001010001
0111011000100011
0011011101110011
0111000000100100
0011001101110101
0111010100100011
0110010101100100
0111010100000010
0000001000100010
0111010000100001
0110010000100011
0010001000100110
0010011100000010
0101001100110111
0101011100010011
0000000000000010
0010010100110100
0010010100110001
0110010001010101
0101010101110011
0100001001000100
0101010000000101
0010001101110010
0111001000000011
0000000100010011
0100000000100010
0001010001010111
0000010001010010
0111010001110101
0100000100110111
0000000001010100
0000001101000001
0011010100000110
0000010000000000
0111011101100011
0111000100110010
0001011001110101
0101011001000000
0011001001000010
0111010101100101
0010010001000011
0001001001000101
0100011001110011
0110001000100110
0001000000000111
0100010101000111
0101000000000011
0110001101110101
0101000001000011
0111001100010100
0111010100010011
0111010000100111
0000010001110110
0000011100000110
0001001000000101
0000011000100111
0011000100010000
0010001000100000
0010000101000000
0011011000100100
0111011101010000
0011010000010001
0100000100110000
0110011001110001
0001001101010011
0110011100010110
0100001101010010
0111010001000010
0101011001000011
0000011001110111
0011011001100010
0101000100100100
0010011100000100
0001011101010010
0101001001000111
0011000100010111
0110001000100010
0111000101000100
0101001000110111
0010001100100001
0100011100000000
0110010101010001
0000000101100111
0101000101000010
0001000101010001
0100011001000000
0100010000110111
0111000101110110
0011010101110011
0010001100100101
0110010000100101
0110000100100010
0010001000100100
0111011001010100
0100010100110011
0101010100100001
0110011001000011
0111011000010110
0010010001000001
0100011001100001
0111001100110011
0001011000110110
0011001001000011
0010001001010000
0010000000110010
0101001101000100
0100010101100111
0100000100110100
0001010001110000
0100011001010010
0111010000010111
0110011001110100
0000001100110100
0100011101000011
0101000100000101
0110011101000001
0001010000100100
0100011100000101
0000010001000000
0001010101000100
0111011001000001
0100011000010111
0100000000010011
0100011000000001
0011010001010000
0110010101110111
0110000001110111
0010011101110001
0110011101100001
0110001101100000
0100011100000001
0011010000000011
0011011100010000
0010010000000001
0101000001010100
0111000100100001
0010001101010001
0111001100010011
0001011001100111
0101011101100110
0011001101110011
0010000000100010
0100010000010001
0110001001100011
0101001000110011
0001010100100001
0101001100000101
0001010101010100
0110001101100110
0000010001000010
0001000000010001
0110000001110101
0111011000110010
0111001100100010
0110011100110000
0110001101010101
0001010000110000
0111011100110101
0111001101110110
0111000100100010
0001001101110100
0010010000110111
0100000101110100
0100001000000010
0101000101110010
0011000100110000
0110010001000100
0010011001100100
0101010000110100
0000010101010011
0110010001000111
0111010000110010
0111000101110000
0111011101100110
0001011001110110
0100001001100000
0111000000100101
0111011000010111
0111011101010001
0001010001010011
0001001100100101
0110000100000010
0000001101100100
0100010100000010
0011010101100111
0100000001000111
0111001001000101
0111001100010110
0001011001010110
0001011001010000
0001001100000110
0001001001110110
0001000001100001
0110010001100110
0001001101100011
0100000000010111
0111011100110111
0101010101000011
0001001000010001
0110011001110101
0101001000100010
0000001000100101
0101001001110010
0100000100010110
0101000100010011
0011000001100101
0001000100100011
0000001001110010
0010001100010010
0001000100010111
0000011000100110
0010010100110010
0111000000000010
0100010001000111
0101000001000001
0001010001010110
0001000100010000
0001011100000001
0100000001000001
0101011000100000
0001010100110100
0000010000110111
0001011101110011
0000000101000111
0110000100010000
0000011101010100
0101000001000000
0110000000110011
0111001100010000
0011010000100010
0101001100010001
0110010101110100
0010001000000001
0001011001000100
0010001100010000
0000011000000001
0001010100110000
0010001000110101
0011001001010110
0110011000100011
0001001001100001
0000000100110001
0110010100000101
0010000101010000
0101011101000111
0010000000000111
0101010101010001
0010011001100111
0111001000110110
0101001100110001
0101010101110001
0110001100110010
0000001000110111
0101011001100101
0100000101010110
0101000101010011
0110001000010110
0010001100010100
0101011000110111
0001000000010110
0011011000110111
0010000101000110
0010001001100110
0001000001110101
0010001001010111
0100011100000110
0101001001010110
0001001000000011
0001011000000010
0000010100000001
0001011100000000
0000011101110111
0101001001010001
0111010101000101
0001000000100111
0001001001000100
0000000000100001
0001010000000010
0010011101100010
0101000100110010
0000000000010100
0010001000000110
0110000000000101
0011011001010100
0110011001010010
0011000000110010
0001001001000001
0000011100000101
0110000000100111
0000011001100011
0111000100100011
0000011001100101
0010011000000110
0011010001010010
0001011101000001
0110011001000100
0100011100010100
0010010001110110
0000001001100100
0110011000110101
0101010001000110
0111001000010000
0101001000110100
0101011101000001
0110000000100001
0100011100100000
0111000001100110
0101001000100111
0001010000110110
0001000000010111
0010001100110000
0100000000010001
0010010000010111
0011001001110100
0000000001110101
0100011100110111
0001000101100100
0101010100100011
0110011100000111
0101011100010001
0110011000000101
0011001100100001
0101001101110111
0111010001110011
0111001100100001
0110001001000111
0101010000110001
0110001101000001
0011011101000110
0010011101100100
0011011001010000
0010011101010110
0011001101000010
0111011100010000
0010000000100110
0101011000000101
0100010000110100
0001011000110000
0010001101000001
0000010000110101
0010001001110101
0101000100000110
0010001100000000
0000010000100011
0000011100010100
0000001100010101
0001010000010010
0110010000010111
0101001100110011
0000011100000001
0001000000010010
0101010100110011
0000010100010110
0001000000110011
0101011100100100
0010010100100001
0010011100010101
0011011000100000
0111011101110001
0001011100110111
0000010100110101
0110010100110010
0010000101110111
0000001000000101
0010010101100101
0001000100110101
0100010100000111
0111000100100100
0011011101010101
0011000000000111
0111010001010000
0001000101100000
0111011001000110
0000011000100010
0110011000010001
0011011000000000
0100001000100111
0101011000100111
0101010101100000
0001010101000110
0111000100000001
0100010001010000
0100011100100100
0100001001000111
0001000001000111
0001010100010010
0100010000000111
0110001000010001
0000001001110001
0001011000000001
0010010101010010
0111010101110000
0000000001000101
0110000101100011
0101011001100110
0110010001100000
0111010100110110
0110001001000000
0000010100000010
0110001101010110
0001010001100010
0011011100100100
0000010001000111
0100011101000101
0110000100100001
0010000101010011
0010000100100110
0001011101010111
0011001001110000
0100000000110100
0111000100010101
0111000000010100
0100000100100111
0011010100110001
0110011100100100
0001011001100000
0001001001000010
0001001101100001
0100010000110011
0011001101110111
0111011101010011
0000010001100000
0111000000110100
0100010001010010
0111001001100001
0100001100100100
0100001000110011
0111000100010011
0110000100110000
0110001001100111
0111010001100000
0011000000110101
0100011101010100
0111001001110110
0100000001110001
0000011100010000
0111001000010110
0010010101100110
0001000000110111
0101011001010100
0011010001010110
0011010101110111
0001001100000111
0111011100010010
0011011100010001
0100000100010010
0100011100010001
0011010000100100
0100010001000000
0001000001010100
0101011101100100
0111000100000000
0101000100010110
0000000000000100
0010010000000010
0010010000000100
0100011000010011
0011000000100011
0111000100110011
0010011100100110
0110011101110110
0101010101110111
0010010001000110
0010000101110110
0011001001100001
0100011001110100
0100001101110010
0101011101010000
0010001000010110
0000000101110110
0001011100110010
0110001100110111
0000011000000100
0010010101110100
0100000000100100
0111001100100011
0111010000000000
0010011101000101
0101001101000101
0101010100010101
0010011100010010
0111001101000010
0110001100110110
0110011101010010
0000001001000101
0011011101000010
0100001101000111
0100000101010100
0110001000000111
0010000101110001
0000011101100110
0011011100100001
0101000001100001
0111000001000101
0110010101100011
0011010001100000
0010000100000010
0011011001010111
0100010101110111
0000000000110101
0001010000110100
0010000001110110
0001000100000111
0101000000010010
0000011101000101
0111011101000011
0100001100000010
0001001100000001
0110011001110010
0110010000000001
0001010100000111
0101000001010101
0101000000110100
0110000101100000
0001001101000111
0000001101110011
0111001001110100
0000000001010011
0111010000000111
0010001001100011
0000000100110000
0101010000000100
0010011100010001
