00111111000010110001000100100001
00000000000000000000000000000000
00000000000000000000000000000000
00111010011000010001000100000000
00000000000000000000000000000000
00000000000000000000000000000000
00101100010101110001000100010000
00000000000000000000000000000000
00000000000000000000000000000000
00101111111011000001000100010010
00000000000000000000000000000000
00000000000000000000000000000000
00111011100100110001000100100010
00000000000000000000000000000000
00000000000000000000000000000000
00100101100111100001000100000001
00000000000000000000000000000000
00000000000000000000000000000000
00110111100011010001000100000010
00000000000000000000000000000000
00000000000000000000000000000000
00111011010111000001000100100000
00000000000000000000000000000000
00000000000000000000000000000000
