00111111101000100000001000010001
00000000000000000000000000000000
00000000000000000000000000000000
00101001111000110000001000000000
00000000000000000000000000000000
00000000000000000000000000000000
00100010100100000000001000010010
00000000000000000000000000000000
00000000000000000000000000000000
00100110001001010000001000000001
00000000000000000000000000000000
00000000000000000000000000000000
00110101101111100000001000100010
00000000000000000000000000000000
00000000000000000000000000000000
00100010111001010000001000010000
00000000000000000000000000000000
00000000000000000000000000000000
00100100110011110000001000100001
00000000000000000000000000000000
00000000000000000000000000000000
00100111000000010000001000100000
00000000000000000000000000000000
00000000000000000000000000000000
