00101111011110010001001000100010
00000000000000000000000000000000
00000000000000000000000000000000
00111101100101110001001000000010
00000000000000000000000000000000
00000000000000000000000000000000
00110011111100010001001000010001
00000000000000000000000000000000
00000000000000000000000000000000
00110011100001110001001000100001
00000000000000000000000000000000
00000000000000000000000000000000
00101100000000100001001000100000
00000000000000000000000000000000
00000000000000000000000000000000
00110110100001110001001000000001
00000000000000000000000000000000
00000000000000000000000000000000
00110000010101010001001000010000
00000000000000000000000000000000
00000000000000000000000000000000
00101010110010010001001000000000
00000000000000000000000000000000
00000000000000000000000000000000
