00100010110011100000000000100000
00000000000000000000000000000000
00000000000000000000000000000000
00111100100010000000000000010000
00000000000000000000000000000000
00000000000000000000000000000000
00101111000010000000000000100001
00000000000000000000000000000000
00000000000000000000000000000000
00111010010111010000000000000010
00000000000000000000000000000000
00000000000000000000000000000000
00100011011110000000000000100010
00000000000000000000000000000000
00000000000000000000000000000000
00111010101101110000000000010001
00000000000000000000000000000000
00000000000000000000000000000000
00100111011000110000000000000001
00000000000000000000000000000000
00000000000000000000000000000000
00100111010001110000000000010010
00000000000000000000000000000000
00000000000000000000000000000000
