00111001111001000001000000000001
00000000000000000000000000000000
00000000000000000000000000000000
00100011001101000001000000000000
00000000000000000000000000000000
00000000000000000000000000000000
00100010010100010001000000100010
00000000000000000000000000000000
00000000000000000000000000000000
00101011100110100001000000000010
00000000000000000000000000000000
00000000000000000000000000000000
00110101011110010001000000100001
00000000000000000000000000000000
00000000000000000000000000000000
00111001010111000001000000010010
00000000000000000000000000000000
00000000000000000000000000000000
00111111101100010001000000010001
00000000000000000000000000000000
00000000000000000000000000000000
00101011010111100001000000100000
00000000000000000000000000000000
00000000000000000000000000000000
