00110110001110100010001000100001
00000000000000000000000000000000
00000000000000000000000000000000
00100111011110110010001000000010
00000000000000000000000000000000
00000000000000000000000000000000
00101011011110010010001000000001
00000000000000000000000000000000
00000000000000000000000000000000
00110101110001000010001000010000
00000000000000000000000000000000
00000000000000000000000000000000
00100011011011100010001000000000
00000000000000000000000000000000
00000000000000000000000000000000
00100010000101100010001000010010
00000000000000000000000000000000
00000000000000000000000000000000
00111111101111000010001000100000
00000000000000000000000000000000
00000000000000000000000000000000
00101101111101100010001000010001
00000000000000000000000000000000
00000000000000000000000000000000
