00101100111111100010000000000001
00000000000000000000000000000000
00000000000000000000000000000000
00111101000011100010000000010010
00000000000000000000000000000000
00000000000000000000000000000000
00100000011011110010000000100001
00000000000000000000000000000000
00000000000000000000000000000000
00111111100000100010000000010001
00000000000000000000000000000000
00000000000000000000000000000000
00110101101101010010000000000010
00000000000000000000000000000000
00000000000000000000000000000000
00101010110101010010000000000000
00000000000000000000000000000000
00000000000000000000000000000000
00100100101011010010000000010000
00000000000000000000000000000000
00000000000000000000000000000000
00100010010100110010000000100010
00000000000000000000000000000000
00000000000000000000000000000000
