00111001010111000010000100010000
00000000000000000000000000000000
00000000000000000000000000000000
00110111111110000010000100010001
00000000000000000000000000000000
00000000000000000000000000000000
00111000000110110010000100010010
00000000000000000000000000000000
00000000000000000000000000000000
00101010011000010010000100000000
00000000000000000000000000000000
00000000000000000000000000000000
00110110000100010010000100100010
00000000000000000000000000000000
00000000000000000000000000000000
00111100101010110010000100100000
00000000000000000000000000000000
00000000000000000000000000000000
00100001100000010010000100000001
00000000000000000000000000000000
00000000000000000000000000000000
00100001000011110010000100000010
00000000000000000000000000000000
00000000000000000000000000000000
