00110111101101100000000100100010
00000000000000000000000000000000
00000000000000000000000000000000
00110101111100110000000100000000
00000000000000000000000000000000
00000000000000000000000000000000
00101001000000100000000100010001
00000000000000000000000000000000
00000000000000000000000000000000
00110010010110000000000100100001
00000000000000000000000000000000
00000000000000000000000000000000
00111100100011000000000100010010
00000000000000000000000000000000
00000000000000000000000000000000
00101001110001000000000100100000
00000000000000000000000000000000
00000000000000000000000000000000
00100101111111010000000100000010
00000000000000000000000000000000
00000000000000000000000000000000
00100011101101010000000100010000
00000000000000000000000000000000
00000000000000000000000000000000
