0000001000010001
0000000000100000
0010000000000001
0010000000010010
0010001000100001
0001000000000001
0000000000010000
0000000100100010
0001000100100001
0000001000000000
0001000100000000
0000001000010010
0001000100010000
0001000000000000
0010000100010000
0001001000100010
0001000000100010
0001000100010010
0000000000100001
0000000100000000
0000001000000001
0010000100010001
0000000100010001
0000001000100010
0010000000100001
0000000100100001
0000001000010000
0000000000000010
0001000100100010
0001000000000010
0001001000000010
0010000100010010
0010001000000010
0000000000100010
0010000000010001
0001001000010001
0010000100000000
0001001000100001
0010000000000010
0000001000100001
0001000000100001
0001001000100000
0001000000010010
0010000000000000
0000000000010001
0001000000010001
0001001000000001
0010000000010000
0000000100010010
0010001000000001
0010000100100010
0010000000100010
0001000000100000
0010001000010000
0000000000000001
0001000100000001
0000001000100000
0001001000010000
0010000100100000
0000000100100000
0001001000000000
0010001000000000
0000000100000010
0010001000010010
0010000100000001
0010000100000010
0001000100000010
0000000000010010
0010001000100000
0000000100010000
0010001000010001
0001000100100000
